2
3
4
5
6
5
110
109
108
107
106
92
91
90
91
151
91
151
152
151
152
153
152
153
154
155
156
157
156
155
154
153
154
155
154
155
156
155
154
155
156
155
40
155
40
41
42
43
44
43
42
41
42
41
218
41
40
155
154
153
42
153
42
43
44
43
44
45
150
185
184
185
150
45
150
185
184
183
182
181
180
181
180
179
178
177
178
177
178
177
176
105
176
177
178
177
176
177
176
105
104
104
105
176
177
176
105
190
105
61
60
59
58
57
58
59
58
57
56
57
86
87
86
87
88
89
77
89
77
78
77
89
77
78
79
80
81
80
79
80
81
80
81
82
83
82
83
52
83
52
51
50
49
126
22
31
32
33
32
21
20
19
18
104
18
19
20
19
20
19
18
104
104
18
19
18
19
18
62
18
62
18
19
46
47
46
19
46
19
191
192
191
19
191
19
191
192
193
194
193
192
193
192
193
192
193
222
221
220
219
186
187
188
189
190
190
190
189
188
141
140
139
138
137
138
139
138
137
138
139
140
139
140
139
138
137
138
137
136
137
138
137
136
137
136
137
136
135
190
135
190
135
190
135
190
189
189
189
189
189
190
189
189
189
189
189
76
75
76
189
76
75
74
84
74
84
74
75
74
84
85
121
122
121
122
123
124
125
125
124
123
122
121
122
123
122
123
124
125
98
125
124
125
98
125
98
99
98
99
100
101
102
103
102
103
102
101
102
166
102
166
102
101
102
166
165
164
163
164
163
162
163
162
161
160
23
160
161
16
161
162
161
16
17
16
17
16
17
16
56
16
56
16
161
162
161
16
56
16
161
162
163
164
163
162
161
16
161
16
56
55
120
194
195
194
18
62
18
194
18
167
168
71
70
71
70
69
68
67
68
67
68
67
66
67
66
149
148
147
148
147
146
7
146
7
8
7
146
7
146
7
146
147
148
149
148
149
66
67
68
67
66
67
195
196
197
198
199
198
199
198
197
196
195
67
17
67
68
69
70
69
68
69
70
104
104
104
104
70
71
168
71
168
167
168
71
199
71
168
69
68
69
68
67
17
67
68
67
17
67
17
17
67
17
67
68
69
68
67
68
67
17
17
67
17
17
17
17
17
17
17
17
67
68
67
68
154
68
154
68
69
168
69
168
69
168
167
168
17
67
17
168
167
168
17
70
17
70
104
104
70
17
168
17
168
17
70
104
104
104
70
17
168
17
70
104
104
104
104
104
46
104
46
104
46
19
20
21
20
21
32
31
22
31
32
31
32
31
32
31
32
21
65
71
65
71
65
71
168
167
18
167
18
167
168
167
168
46
104
70
17
70
104
70
104
70
17
168
134
168
66
149
66
97
96
95
94
93
93
93
94
93
93
93
93
93
93
93
93
93
149
93
90
90
93
94
93
90
127
128
129
128
127
90
93
94
95
217
216
149
148
147
146
7
146
7
146
7
146
147
148
147
146
147
146
7
146
7
8
9
8
7
8
7
8
9
10
11
198
197
196
169
170
171
170
169
196
169
196
169
196
169
170
171
172
171
172
171
170
67
67
67
170
67
170
169
156
157
73
72
73
72
73
72
73
157
73
215
73
215
214
213
212
211
33
211
33
34
35
34
35
36
37
142
143
142
143
142
143
144
145
144
143
94
93
90
93
90
93
90
127
128
129
130
131
130
131
134
131
130
131
103
103
131
130
131
130
131
103
103
131
160
131
160
23
160
23
160
170
119
170
160
218
160
131
170
160
131
170
131
130
131
170
160
131
130
131
170
131
130
131
170
160
131
170
160
160
131
170
160
131
207
145
207
131
170
131
170
160
111
72
72
111
72
160
111
160
72
111
72
160
111
72
160
111
160
72
111
160
72
160
111
72
111
72
160
72
111
72
160
111
160
64
63
67
67
63
206
205
204
203
202
203
204
205
204
205
204
205
210
205
159
205
159
158
159
158
159
158
158
159
205
159
205
208
209
208
209
208
209
210
210
103
103
103
103
210
209
210
103
103
210
209
210
133
210
209
210
133
132
133
132
133
132
133
210
133
54
53
54
53
53
54
53
54
133
210
133
210
209
210
133
54
133
210
144
145
144
210
209
208
205
208
205
206
205
208
209
210
144
210
112
113
112
210
209
62
209
62
209
62
18
167
18
167
18
175
18
167
18
167
167
167
167
167
18
175
18
167
18
175
174
173
174
175
174
204
203
202
203
115
69
115
69
168
66
168
66
97
96
133
210
112
116
112
116
112
116
117
116
112
116
117
118
119
170
160
72
160
64
